%YAML:1.0
camera_matrix: !!opencv-matrix
   rows: 3
   cols: 3
   dt: d
   data: [1016.5043275348557, 0.0, 1026.717946408797, 0.0, 939.5136951473586, 589.5529389728698, 0.0, 0.0, 1.0]
distortion_coefficients: !!opencv-matrix
   rows: 1
   cols: 5
   dt: d
   data: [0.08195572215400791, 0.15167325984820537, 0.016826245447653813, 0.024928858451886797, 0.0]
rectification_matrix: !!opencv-matrix
   rows: 3
   cols: 3
   dt: d
   data: [0.7247825870681021, 0.07834631041363523, 0.6845086245822177, -0.06924167294650126, 0.9967664472759722, -0.04077058145779293, -0.6854894544852158, -0.017846714807131354, 0.7278637939615861]
projection_matrix: !!opencv-matrix
   rows: 3
   cols: 4
   dt: d
   data: [115126.72948623994, 0.0, -1722.3898963928223, 0.0, 0.0, 115126.72948623994, 757.019775390625, 0.0, 0.0, 0.0, 1.0, 0.0]
