%YAML:1.0
camera_matrix: !!opencv-matrix
   rows: 3
   cols: 3
   dt: d
   data: [926.5894851941775, 0.0, 1019.0793459411618, 0.0, 858.419392790434, 613.266126039939, 0.0, 0.0, 1.0]
distortion_coefficients: !!opencv-matrix
   rows: 1
   cols: 5
   dt: d
   data: [0.0714461683125335, 0.0906356228195619, 0.011992567669143707, 0.004052679937690408, 0.0]
rectification_matrix: !!opencv-matrix
   rows: 3
   cols: 3
   dt: d
   data: [0.7335382726542357, 0.051439085845963996, 0.677698770102744, -0.06041899930582141, 0.9981193124063126, -0.010362563603337323, -0.6769572712323306, -0.03334454451453199, 0.7352666144173793]
projection_matrix: !!opencv-matrix
   rows: 3
   cols: 4
   dt: d
   data: [115126.72948623994, 0.0, -1722.3898963928223, -23199.68717318109, 0.0, 115126.72948623994, 757.019775390625, 0.0, 0.0, 0.0, 1.0, 0.0]
