%YAML:1.0
translation_matrix: !!opencv-matrix
   rows: 3
   cols: 1
   dt: d
   data: [-0.14781848256332059, -0.010365713552589056, -0.136566021932486]
rotation_matrix: !!opencv-matrix
   rows: 3
   cols: 3
   dt: d
   data: [0.999886350124343, 0.009327849279914091, 0.011843904036715435, -0.008971963646043444, 0.9995169941481823, -0.029753693507136476, -0.012115721330312648, 0.029644048927124425, 0.9994870882907155]
