%YAML:1.0
CM1: !!opencv-matrix
   rows: 3
   cols: 3
   dt: d
   data: [ 6.8519358857814677e+02, 0., 9.5930361129225605e+02, 0.,
       6.5807186833855189e+02, 5.4577994295449605e+02, 0., 0., 1. ]
CM2: !!opencv-matrix
   rows: 3
   cols: 3
   dt: d
   data: [ 6.8519358857814677e+02, 0., 9.5913969824915250e+02, 0.,
       6.5807186833855189e+02, 5.4557064099010108e+02, 0., 0., 1. ]
D1: !!opencv-matrix
   rows: 1
   cols: 8
   dt: d
   data: [ -6.7222457408114933e-01, 3.9603763488909376e+00, 0., 0., 0.,
       0., 0., 7.6536656039454396e+00 ]
D2: !!opencv-matrix
   rows: 1
   cols: 8
   dt: d
   data: [ -2.2109061133789373e-01, 1.5498825485301084e+00, 0., 0., 0.,
       0., 0., 2.6199963211780370e+00 ]
R: !!opencv-matrix
   rows: 3
   cols: 3
   dt: d
   data: [ 9.9515712876314988e-01, 2.1764933951257965e-02,
       -9.5857064017113414e-02, -2.3317790347674155e-02,
       9.9961392013453576e-01, -1.5109312577607399e-02,
       9.5491202344433368e-02, 1.7271315044411338e-02,
       9.9528042879956768e-01 ]
T: !!opencv-matrix
   rows: 3
   cols: 1
   dt: d
   data: [ 7.6956362179403340e-02, -4.7731876747620451e-02,
       4.2262670695305489e-02 ]
E: !!opencv-matrix
   rows: 3
   cols: 3
   dt: d
   data: [ -3.5725022059806526e-03, -4.3070746210058450e-02,
       -4.6868042854879936e-02, 3.4709342470437818e-02,
       -4.0929333958520720e-04, -8.0644336679145473e-02,
       4.5706265095419515e-02, 7.7965532022228043e-02,
       -5.7381952960577900e-03 ]
F: !!opencv-matrix
   rows: 3
   cols: 3
   dt: d
   data: [ 4.0207045905355262e-07, 5.0472175099925833e-06,
       4.7388541568267053e-04, -4.0673918260606145e-06,
       4.9939508909391061e-08, 1.0349861398907843e-02,
       -1.6912639816067220e-03, -1.1128394070451669e-02, 1. ]
R1: !!opencv-matrix
   rows: 3
   cols: 3
   dt: d
   data: [ 8.1786601125213654e-01, -4.5338619824731052e-01,
       3.5431079983168806e-01, 4.5968009413228494e-01,
       8.8519167010290867e-01, 7.1623447550065694e-02,
       -3.4610605122859922e-01, 1.0429123845881663e-01,
       9.3238079070928559e-01 ]
R2: !!opencv-matrix
   rows: 3
   cols: 3
   dt: d
   data: [ 7.7007407778996151e-01, -4.7763537577203236e-01,
       4.2290703768919441e-01, 4.6985444746331950e-01,
       8.7304901030310988e-01, 1.3046924468126198e-01,
       -4.3153529741479896e-01, 9.8233769243929944e-02,
       8.9673151704690934e-01 ]
P1: !!opencv-matrix
   rows: 3
   cols: 4
   dt: d
   data: [ -5.8121960195977408e+02, 0., -2.1111737060546875e+02, 0., 0.,
       -5.8121960195977408e+02, -3.0696219825744629e+02, 0., 0., 0., 1.,
       0. ]
P2: !!opencv-matrix
   rows: 3
   cols: 4
   dt: d
   data: [ -5.8121960195977408e+02, 0., -2.1111737060546875e+02,
       -5.8083433119254757e+01, 0., -5.8121960195977408e+02,
       -3.0696219825744629e+02, 0., 0., 0., 1., 0. ]
Q: !!opencv-matrix
   rows: 4
   cols: 4
   dt: d
   data: [ 1., 0., 0., 2.1111737060546875e+02, 0., 1., 0.,
       3.0696219825744629e+02, 0., 0., 0., -5.8121960195977408e+02, 0.,
       0., -1.0006633057767703e+01, 0. ]
