%YAML:1.0
CM1: !!opencv-matrix
   rows: 3
   cols: 3
   dt: d
   data: [ 6.7913737612229534e+02, 0., 9.5811717713232088e+02, 0.,
       6.5064658494897742e+02, 5.4577264238970770e+02, 0., 0., 1. ]
CM2: !!opencv-matrix
   rows: 3
   cols: 3
   dt: d
   data: [ 6.7913737612229534e+02, 0., 9.5820313200112309e+02, 0.,
       6.5064658494897742e+02, 5.4561158164495248e+02, 0., 0., 1. ]
D1: !!opencv-matrix
   rows: 1
   cols: 8
   dt: d
   data: [ -2.7892809982727401e-01, 2.1812611863606315e+00, 0., 0.,
       7.7534213210363623e-01, 2.9471895018106975e-01,
       -8.2487094118318172e-01, 6.1912415801750171e+00 ]
D2: !!opencv-matrix
   rows: 1
   cols: 8
   dt: d
   data: [ -1.4365808998677429e-01, 3.9439730861868366e-01, 0., 0.,
       -2.5217141873548012e+00, 1.4439282783153135e-01,
       -1.1485653458931913e+00, -1.4799052228211682e-01 ]
R: !!opencv-matrix
   rows: 3
   cols: 3
   dt: d
   data: [ 9.9777206151300069e-01, 2.0185473412617942e-02,
       -6.3588205881320525e-02, -2.0839785692552203e-02,
       9.9973631954366837e-01, -9.6433768758028282e-03,
       6.3376782786642050e-02, 1.0947056608457194e-02,
       9.9792962946052766e-01 ]
T: !!opencv-matrix
   rows: 3
   cols: 1
   dt: d
   data: [ 3.6686025368635414e-03, -6.0868896414796023e-02,
       3.3912517248357248e-02 ]
E: !!opencv-matrix
   rows: 3
   cols: 3
   dt: d
   data: [ -3.1509452347923974e-03, -3.4569910435080932e-02,
       -6.0415844060255561e-02, 3.3604458019879276e-02,
       6.4437981562668765e-04, -5.8174432989925601e-03,
       6.0656831367152934e-02, 4.8963026883087823e-03,
       -3.9059216338633235e-03 ]
F: !!opencv-matrix
   rows: 3
   cols: 3
   dt: d
   data: [ 6.5414575993454192e-07, 7.4910795303989367e-06,
       3.8029140892835394e-03, -7.2818721377829529e-06,
       -1.4574731388790082e-07, 7.9125542403545995e-03,
       -5.2057964243216910e-03, -7.8190175882691306e-03, 1. ]
R1: !!opencv-matrix
   rows: 3
   cols: 3
   dt: d
   data: [ 9.9483814131350601e-01, 8.7031202283334858e-02,
       -5.2178946108618618e-02, -1.0144317907779402e-01,
       8.6574872854716867e-01, -4.9009021663113372e-01,
       2.5207154697602027e-03, 4.9285363836343765e-01,
       8.7010857779098028e-01 ]
R2: !!opencv-matrix
   rows: 3
   cols: 3
   dt: d
   data: [ 9.9769643471772229e-01, 6.6779221434759367e-02,
       1.1931459932174367e-02, -5.2577664377226059e-02,
       8.7236062630142686e-01, -4.8602729027043118e-01,
       -4.2865059899427210e-02, 4.8428036638248051e-01,
       8.7386218214102218e-01 ]
P1: !!opencv-matrix
   rows: 3
   cols: 4
   dt: d
   data: [ 1.8086473996935237e+02, 0., 9.4377249956130981e+02, 0., 0.,
       1.8086473996935237e+02, 4.1695014381408691e+02, 0., 0., 0., 1.,
       0. ]
P2: !!opencv-matrix
   rows: 3
   cols: 4
   dt: d
   data: [ 1.8086473996935237e+02, 0., 9.4377249956130981e+02, 0., 0.,
       1.8086473996935237e+02, 4.1695014381408691e+02,
       -1.2619823488548384e+01, 0., 0., 1., 0. ]
Q: !!opencv-matrix
   rows: 4
   cols: 4
   dt: d
   data: [ 1., 0., 0., -9.4377249956130981e+02, 0., 1., 0.,
       -4.1695014381408691e+02, 0., 0., 0., 1.8086473996935237e+02, 0.,
       0., 1.4331796330865847e+01, 0. ]
