%YAML:1.0
CM1: !!opencv-matrix
   rows: 3
   cols: 3
   dt: d
   data: [ 1.1922958865237083e+03, 0., 7.5707363127700478e+02, 0.,
       1.1448540887449687e+03, 5.4739020945931384e+02, 0., 0., 1. ]
CM2: !!opencv-matrix
   rows: 3
   cols: 3
   dt: d
   data: [ 1.1922958865237083e+03, 0., 7.5707504462016198e+02, 0.,
       1.1448540887449687e+03, 5.4738991626485756e+02, 0., 0., 1. ]
D1: !!opencv-matrix
   rows: 1
   cols: 5
   dt: d
   data: [ -7.4692958878306026e-01, 3.3671851854745678e+00, 0., 0.,
       -5.2759399279921286e+00 ]
D2: !!opencv-matrix
   rows: 1
   cols: 5
   dt: d
   data: [ -9.7440724431015668e-01, 5.2485445477125205e+00, 0., 0.,
       -9.7267896882170906e+00 ]
R: !!opencv-matrix
   rows: 3
   cols: 3
   dt: d
   data: [ 9.9980922164086239e-01, 1.7604516522024067e-02,
       -8.4617563140626361e-03, -1.7609121058373093e-02,
       9.9984483695987714e-01, -4.6995768768402687e-04,
       8.4521699843506815e-03, 6.1887212122830010e-04,
       9.9996408826510030e-01 ]
T: !!opencv-matrix
   rows: 3
   cols: 1
   dt: d
   data: [ -9.6177350034802919e-02, -6.9710558588327323e-02,
       1.3010602743874292e-02 ]
E: !!opencv-matrix
   rows: 3
   cols: 3
   dt: d
   data: [ -3.6010021213329631e-04, -1.3051725900464288e-02,
       -6.9701940728446710e-02, 1.3821027913569974e-02,
       2.8856685159618184e-04, 9.6063803589387375e-02,
       7.1390857922181639e-02, -9.4935206184352833e-02,
       -5.4467447426167885e-04 ]
F: !!opencv-matrix
   rows: 3
   cols: 3
   dt: d
   data: [ 1.2651239297157740e-07, 4.7754196697367545e-06,
       2.6487228339271141e-02, -5.0568950848174742e-06,
       -1.0995726945367547e-07, -3.8018450675646763e-02,
       -2.7232171843535439e-02, 3.7859578793234198e-02, 1. ]
R1: !!opencv-matrix
   rows: 3
   cols: 3
   dt: d
   data: [ 7.9352223031493396e-01, 5.9739053847301049e-01,
       -1.1596126309651675e-01, -5.9732478914147180e-01,
       8.0104151548793767e-01, 3.9186563282386330e-02,
       1.1629946806890071e-01, 3.8171127933489084e-02,
       9.9248042737334408e-01 ]
R2: !!opencv-matrix
   rows: 3
   cols: 3
   dt: d
   data: [ 8.0486885100073180e-01, 5.8337911341186788e-01,
       -1.0888040559965224e-01, -5.8344047105338137e-01,
       8.1141717194761531e-01, 3.4632207633108335e-02,
       1.0855113737667760e-01, 3.5650849966265621e-02,
       9.9345139159946438e-01 ]
P1: !!opencv-matrix
   rows: 3
   cols: 4
   dt: d
   data: [ 1.1227633021767960e+02, 0., 9.7910662937164307e+02, 0., 0.,
       1.1227633021767960e+02, 5.3042621396481991e+02, 0., 0., 0., 1.,
       0. ]
P2: !!opencv-matrix
   rows: 3
   cols: 4
   dt: d
   data: [ 1.1227633021767960e+02, 0., 9.7910662937164307e+02,
       -1.3416396843464218e+01, 0., 1.1227633021767960e+02,
       5.3042621396481991e+02, 0., 0., 0., 1., 0. ]
Q: !!opencv-matrix
   rows: 4
   cols: 4
   dt: d
   data: [ 1., 0., 0., -9.7910662937164307e+02, 0., 1., 0.,
       -5.3042621396481991e+02, 0., 0., 0., 1.1227633021767960e+02, 0.,
       0., 8.3685904291341000e+00, 0. ]
